----------------------------------------------------------------------
Hello STAT 324 Students,

Look in canvas.wisc.edu for your scores. Find the corresponding line
in the gradebook, below. If I had to assign course grades today, they
would be about like those in the last column. Note that I did not
worry about boundary and special cases as I do at the end of the term.

All the best,

John

Exam1 Exam2 Q1  Q2  Q3   Q4  Q5 Q6  Q7   Q8   Q9 Q10  Q11 HW1  HW2  HW3 HW4 HW5 HW6 HW7  HW8 HW9 Percentage Rank Percentile percentageGrade percentileGrade Grade
  121   120  4 4.0 4.0 4.00 4.0  4 4.0 4.00 4.00 4.0 4.00   4 4.00 4.00 4.0 4.0 4.0 3.5 3.00 4.0      97.13  391       99.7               A               A     A
  119   116  4 4.0 4.0 4.00 4.0  4 4.0 4.00 4.00 4.0 3.75   4 4.00 4.00 4.0 4.0 4.0 3.5 4.00 3.5      95.22  390       99.5               A               A     A
  125   109  4 4.0 4.0 4.00 4.0  4 4.0 4.00 4.00 4.0 4.00   4 4.00 4.00 4.0 4.0 3.0 4.0 4.00 2.5      94.90  389       99.2               A               A     A
  117   115  4 4.0 4.0 4.00 4.0  4 4.0 4.00 4.00 4.0 4.00   4 4.00 3.50 4.0 4.0 4.0 4.0 3.50 4.0      94.27  387       98.7               A               A     A
  110   122  4 4.0 4.0 4.00 4.0  4 4.0 4.00 4.00 4.0 4.00   4 4.00 3.75 4.0 4.0 4.0 4.0 4.00 4.0      94.27  387       98.7               A               A     A
  117   115  4 4.0 4.0 4.00 4.0  4 4.0 4.00 4.00 4.0 4.00   4 4.00 4.00 4.0 4.0 4.0 3.5 4.00 3.5      94.27  387       98.7               A               A     A
  117   113  4 4.0 4.0 4.00 4.0  4 4.0 4.00 4.00 4.0 4.00   4 4.00 4.00 4.0 3.5 4.0 4.0 4.00 3.0      93.63  385       98.2               A               A     A
  125   106  4 4.0 4.0 4.00 4.0  4 4.0 4.00 4.00 4.0 4.00   4 4.00 3.75 4.0 0.0 2.0 3.5 3.50 4.0      93.55  384       98.0               A               A     A
  121   109  4 4.0 4.0 4.00 4.0  4 4.0 4.00 4.00 4.0 4.00   4 3.50 3.75 3.5 4.0 4.0 4.0 3.00 4.0      93.39  383       97.7               A               A     A
  113   115  4 4.0 4.0 4.00 4.0  4 4.0 4.00 4.00 4.0 4.00   4 4.00 4.00 4.0 4.0 4.0 4.0 4.00 4.0      92.99  381       97.2               A               A     A
  117   111  4 4.0 4.0 4.00 4.0  4 4.0 4.00 4.00 4.0 4.00   4 4.00 4.00 4.0 4.0 4.0 4.0 4.00 4.0      92.99  381       97.2               A               A     A
  117   111  4 4.0 4.0 4.00 4.0  4 4.0 4.00 4.00 4.0 4.00   4 4.00 4.00 4.0 4.0 4.0 4.0 4.00 4.0      92.99  381       97.2               A               A     A
  121   107  4 4.0 4.0 4.00 4.0  4 4.0 4.00 4.00 4.0 4.00   4 4.00 3.50 4.0 4.0 2.0 4.0 3.30 4.0      92.83  379       96.7               A               A     A
  121   106  4 4.0 4.0 4.00 4.0  4 4.0 4.00 4.00 4.0 4.00   4 4.00 4.00 4.0 4.0 3.5 4.0 4.00 3.5      92.68  376       95.9               A               A     A
  119   108  4 4.0 4.0 4.00 4.0  4 4.0 4.00 4.00 4.0 4.00   4 4.00 3.75 4.0 4.0 4.0 3.0 4.00 4.0      92.68  376       95.9               A               A     A
  117   110  4 4.0 4.0 4.00 4.0  4 4.0 4.00 4.00 4.0 4.00   4 4.00 4.00 4.0 4.0 4.0 4.0 2.50 0.0      92.68  376       95.9               A               A     A
  121   106  4 4.0 4.0 4.00 4.0  4 4.0 4.00 4.00 4.0 4.00   4 4.00 4.00 4.0 4.0 4.0 4.0 3.50 4.0      92.68  376       95.9               A               A     A
  119   107  4 4.0 4.0 4.00 4.0  4 4.0 4.00 4.00 4.0 4.00   4 4.00 4.00 4.0 4.0 4.0 4.0 3.70 4.0      92.36  374       95.4               A               A     A
  125   101  4 4.0 4.0 4.00 4.0  4 4.0 4.00 4.00 4.0 4.00   4 4.00 4.00 4.0 4.0 3.5 4.0 4.00 3.5      92.36  374       95.4               A               A     A
  116   109  4 4.0 4.0 4.00 4.0  4 4.0 4.00 4.00 4.0 4.00   4 4.00 4.00 4.0 4.0 4.0 4.0 3.80 4.0      92.04  370       94.4               A               A     A
  117   108  4 4.0 4.0 4.00 4.0  4 4.0 3.75 4.00 4.0 4.00   4 4.00 4.00 4.0 4.0 4.0 4.0 4.00 3.0      92.04  370       94.4               A               A     A
  116   109  4 4.0 4.0 4.00 4.0  4 4.0 4.00 4.00 4.0 4.00   4 4.00 4.00 4.0 4.0 4.0 4.0 3.80 4.0      92.04  370       94.4               A               A     A
  125   101  4 4.0 4.0 4.00 4.0  4 4.0 4.00 4.00 4.0 4.00   4 4.00 3.50 4.0 3.5 3.5 4.0 4.00 3.5      92.04  370       94.4               A               A     A
  125   101  4 4.0 3.7 3.58 4.0  4 4.0 4.00 4.00 4.0 4.00   4 2.75 3.50 4.0 4.0 4.0 3.5 3.00 3.5      91.88  368       93.9              AB               A     A
  121   104  4 4.0 4.0 4.00 4.0  4 4.0 4.00 4.00 4.0 4.00   4 4.00 4.00 4.0 4.0 3.5 3.5 3.00 3.5      91.72  366       93.4              AB               A     A
  121   103  4 4.0 4.0 4.00 4.0  4 4.0 4.00 4.00 4.0 4.00   4 4.00 4.00 4.0 4.0 4.0 4.0 4.00 4.0      91.72  366       93.4              AB               A     A
  121   102  4 4.0 4.0 4.00 4.0  4 4.0 4.00 4.00 4.0 4.00   4 4.00 4.00 4.0 4.0 4.0 4.0 4.00 4.0      91.40  364       92.8              AB               A     A
  112   111  4 4.0 4.0 4.00 4.0  4 4.0 4.00 4.00 4.0 4.00   4 4.00 4.00 4.0 4.0 4.0 4.0 4.00 4.0      91.40  364       92.8              AB               A     A
  111   112  4 4.0 4.0 3.64 4.0  4 4.0 4.00 4.00 4.0 4.00   4 4.00 3.50 4.0 4.0 4.0 4.0 4.00 4.0      91.40  364       92.8              AB               A     A
  114   108  4 4.0 3.5 3.64 4.0  4 4.0 4.00 4.00 4.0 4.00   4 4.00 3.75 4.0 4.0 4.0 4.0 4.00 3.5      91.08  361       92.1              AB               A     A
  115   107  4 4.0 4.0 4.00 4.0  4 4.0 4.00 4.00 4.0 4.00   4 4.00 4.00 4.0 4.0 4.0 4.0 4.00 4.0      91.08  361       92.1              AB               A     A
  111   111  4 4.0 4.0 3.80 4.0  4 4.0 4.00 4.00 4.0 4.00   4 4.00 3.75 4.0 4.0 3.5 4.0 4.00 4.0      91.08  361       92.1              AB               A     A
  108   113  4 4.0 4.0 4.00 4.0  4 4.0 4.00 4.00 4.0 4.00   4 4.00 4.00 4.0 4.0 4.0 4.0 4.00 4.0      90.76  358       91.3              AB               A     A
  115   106  4 4.0 4.0 3.94 4.0  4 4.0 4.00 4.00 4.0 4.00   4 4.00 3.50 4.0 4.0 4.0 3.0 4.00 4.0      90.76  358       91.3              AB               A     A
  111   110  4 4.0 4.0 4.00 4.0  4 4.0 4.00 4.00 4.0 4.00   4 4.00 4.00 4.0 4.0 4.0 4.0 4.00 4.0      90.76  358       91.3              AB               A     A
  113   109  4 4.0 4.0 3.88 4.0  4 4.0 3.75 4.00 4.0 3.75   4 4.00 3.25 4.0 4.0 4.0 3.5 3.00 3.0      90.65  356       90.8              AB               A     A
  117   103  4 4.0 3.7 4.00 4.0  4 4.0 4.00 4.00 4.0 4.00   4 4.00 4.00 4.0 4.0 3.5 4.0 3.50 4.0      90.45  355       90.5              AB               A     A
  119   102  4 4.0 4.0 4.00 4.0  4 4.0 4.00 4.00 4.0 4.00   4 3.75 4.00 3.5 4.0 4.0 2.5 3.50 3.5      90.37  354       90.3              AB               A     A
  111   109  4 4.0 4.0 4.00 4.0  4 4.0 4.00 4.00 4.0 4.00   4 4.00 4.00 4.0 4.0 4.0 3.5 3.00 3.0      90.29  352       89.8              AB               A     A
  109   112  4 4.0 4.0 4.00 4.0  4 4.0 4.00 4.00 4.0 4.00   4 4.00 4.00 3.5 4.0 3.5 0.0 3.50 1.0      90.29  352       89.8              AB               A     A
  107   112  4 4.0 4.0 4.00 4.0  4 4.0 4.00 4.00 4.0 4.00   4 4.00 4.00 4.0 4.0 4.0 3.5 4.00 4.0      90.13  350       89.3              AB               A     A
  117   102  4 4.0 4.0 4.00 4.0  4 4.0 4.00 4.00 4.0 4.00   4 4.00 3.75 4.0 4.0 4.0 4.0 4.00 4.0      90.13  350       89.3              AB               A     A
  125    94  4 4.0 4.0 4.00 4.0  4 4.0 4.00 4.00 4.0 4.00   4 4.00 4.00 4.0 4.0 4.0 4.0 3.50 4.0      90.13  350       89.3              AB               A     A
  113   107  4 4.0 4.0 4.00 4.0  4 4.0 4.00 4.00 4.0 4.00   4 4.00 4.00 4.0 3.0 3.0 3.5 3.80 3.5      90.06  348       88.7              AB               A     A
  112   107  4 4.0 4.0 4.00 4.0  4 4.0 4.00 4.00 4.0 4.00   4 4.00 4.00 4.0 3.5 3.5 4.0 3.50 4.0      89.97  347       88.5              AB               A     A
  111   109  4 4.0 4.0 4.00 4.0  4 4.0 4.00 4.00 4.0 4.00   4 3.50 3.25 2.5 4.0 4.0 2.0 3.50 4.0      89.89  346       88.2              AB               A     A
  113   105  4 4.0 4.0 4.00 4.0  4 4.0 4.00 4.00 4.0 4.00   4 4.00 4.00 4.0 4.0 3.5 2.5 4.00 3.0      89.65  345       88.0              AB               A     A
  113   107  4 4.0 4.0 4.00 4.0  4 4.0 4.00 4.00 4.0 0.00   4 2.50 3.75 4.0 4.0 4.0 3.0 2.00 2.5      89.57  344       87.7              AB               A     A
  121    96  4 4.0 4.0 4.00 4.0  4 4.0 4.00 4.00 4.0 4.00   4 4.00 3.50 4.0 4.0 4.0 3.5 4.00 4.0      89.49  342       87.2              AB               A     A
  110   107  4 4.0 4.0 4.00 4.0  4 4.0 4.00 4.00 4.0 4.00   4 4.00 4.00 4.0 4.0 4.0 4.0 4.00 4.0      89.49  342       87.2              AB               A     A
  105   112  4 4.0 4.0 4.00 4.0  4 4.0 4.00 4.00 4.0 3.75   4 4.00 4.00 4.0 4.0 3.5 4.0 3.00 2.5      89.33  340       86.7              AB               A     A
  105   112  4 4.0 4.0 4.00 4.0  4 4.0 4.00 4.00 4.0 3.75   4 4.00 4.00 4.0 4.0 4.0 1.5 3.50 2.0      89.33  340       86.7              AB               A     A
  117   100  4 4.0 4.0 4.00 4.0  4 4.0 4.00 4.00 4.0 3.50   4 4.00 3.75 3.5 4.0 3.5 2.5 4.00 4.0      89.25  338       86.2              AB               A     A
  113   107  4 4.0 4.0 4.00 4.0  4 4.0 4.00 4.00 4.0 0.00   4 2.50 3.75 4.0 4.0 3.5 2.5 2.00 2.5      89.25  338       86.2              AB               A     A
  112   104  4 4.0 4.0 4.00 4.0  4 4.0 4.00 4.00 4.0 4.00   4 4.00 4.00 4.0 4.0 4.0 4.0 3.50 4.0      89.17  335       85.4              AB               A     A
  125    91  4 4.0 4.0 4.00 4.0  4 4.0 4.00 4.00 4.0 4.00   4 4.00 4.00 4.0 4.0 4.0 4.0 3.50 0.0      89.17  335       85.4              AB               A     A
  117   100  4 4.0 4.0 4.00 4.0  4 4.0 4.00 4.00 4.0 4.00   4 4.00 4.00 4.0 3.5 3.5 3.0 4.00 3.5      89.17  335       85.4              AB               A     A
  109   107  4 4.0 4.0 4.00 4.0  4 4.0 4.00 4.00 4.0 4.00   4 4.00 4.00 4.0 3.0 3.5 4.0 4.00 4.0      89.17  335       85.4              AB               A     A
  111   105  4 4.0 4.0 4.00 4.0  4 4.0 4.00 4.00 4.0 4.00   4 4.00 4.00 4.0 4.0 4.0 3.5 4.00 3.5      89.17  335       85.4              AB               A     A
  105   112  4 4.0 4.0 3.70 4.0  4 4.0 4.00 4.00 4.0 3.75   4 3.75 3.00 4.0 4.0 4.0 3.0 3.00 4.0      89.09  332       84.7              AB               A     A
  113   104  4 4.0 4.0 3.22 4.0  3 4.0 4.00 4.00 4.0 4.00   4 3.75 3.50 4.0 3.5 4.0 1.5 3.00 4.0      89.09  332       84.7              AB               A     A
  107   109  4 4.0 4.0 4.00 4.0  4 4.0 4.00 4.00 4.0 4.00   4 3.25 4.00 4.0 3.0 4.0 3.5 4.00 4.0      89.01  330       84.1              AB               A     A
  108   107  4 4.0 4.0 4.00 4.0  4 4.0 4.00 4.00 4.0 4.00   4 4.00 4.00 4.0 4.0 3.5 4.0 3.80 4.0      88.85  327       83.4              AB               A     A
  120    97  4 4.0 4.0 3.58 4.0  4 4.0 4.00 4.00 4.0 3.50   4 4.00 0.00 4.0 4.0 4.0 3.5 0.00 2.5      88.85  327       83.4              AB               A     A
  125    91  4 4.0 4.0 3.70 4.0  4 4.0 4.00 3.75 4.0 4.00   4 3.50 4.00 4.0 0.0 3.5 4.0 0.00 4.0      88.85  327       83.4              AB               A     A
  117    98  4 4.0 4.0 4.00 4.0  4 4.0 4.00 4.00 4.0 4.00   4 4.00 4.00 4.0 4.0 3.0 3.0 4.00 4.0      88.85  327       83.4              AB               A     A
  117    98  4 4.0 4.0 4.00 4.0  4 4.0 4.00 4.00 4.0 4.00   4 4.00 4.00 4.0 4.0 4.0 4.0 3.50 3.0      88.85  327       83.4              AB               A     A
  116    99  4 4.0 4.0 4.00 4.0  4 4.0 4.00 4.00 4.0 4.00   4 4.00 3.50 4.0 4.0 4.0 3.7 3.50 4.0      88.76  324       82.6              AB               A     A
  121    96  4 4.0 3.7 3.64 4.0  3 4.0 0.00 4.00 3.5 4.00   4 3.75 0.00 3.5 4.0 4.0 3.5 0.00 3.5      88.56  323       82.4              AB               A     A
  112   102  4 4.0 4.0 4.00 4.0  4 4.0 4.00 4.00 4.0 4.00   4 4.00 4.00 4.0 4.0 4.0 4.0 3.50 4.0      88.54  320       81.6              AB               A     A
  112   102  4 4.0 4.0 4.00 4.0  4 4.0 4.00 4.00 4.0 4.00   4 4.00 4.00 4.0 4.0 4.0 4.0 3.50 4.0      88.54  320       81.6              AB               A     A
  115    99  4 4.0 4.0 4.00 4.0  4 4.0 4.00 4.00 4.0 4.00   4 4.00 4.00 4.0 4.0 4.0 3.5 3.00 4.0      88.54  320       81.6              AB               A     A
  110   104  4 4.0 4.0 4.00 4.0  4 4.0 4.00 4.00 4.0 4.00   4 4.00 4.00 4.0 4.0 4.0 3.5 4.00 3.5      88.54  320       81.6              AB               A     A
  117    97  4 4.0 4.0 4.00 4.0  4 4.0 4.00 4.00 4.0 4.00   4 4.00 4.00 4.0 4.0 4.0 4.0 4.00 4.0      88.54  320       81.6              AB               A     A
  109   105  4 4.0 4.0 4.00 4.0  4 4.0 4.00 4.00 4.0 4.00   4 4.00 4.00 4.0 3.0 3.5 4.0 4.00 4.0      88.54  320       81.6              AB               A     A
  115   100  4 4.0 4.0 3.88 4.0  4 4.0 3.88 4.00 4.0 3.75   4 4.00 3.50 3.0 4.0 3.5 3.0 4.00 4.0      88.50  316       80.6              AB               A     A
  121    93  4 4.0 4.0 4.00 4.0  4 4.0 4.00 4.00 4.0 4.00   4 4.00 3.00 4.0 4.0 4.0 3.6 3.00 4.0      88.41  315       80.3              AB               A     A
  112   104  4 4.0 4.0 2.98 4.0  4 4.0 3.50 3.75 3.5 3.00   4 4.00 3.50 4.0 4.0 3.5 2.5 3.50 2.5      88.30  314       80.1              AB               A     A
  109   105  4 4.0 4.0 4.00 4.0  4 4.0 2.75 4.00 4.0 4.00   4 4.00 3.75 4.0 4.0 3.5 3.5 3.80 3.0      88.23  313       79.8              AB               A     A
  111   102  4 4.0 4.0 3.94 4.0  4 4.0 4.00 4.00 4.0 4.00   4 4.00 4.00 4.0 4.0 4.0 3.5 4.00 4.0      88.22  312       79.5              AB               A     A
  115    98  4 4.0 4.0 4.00 4.0  4 4.0 4.00 4.00 4.0 4.00   4 4.00 4.00 4.0 4.0 3.0 4.0 3.50 3.0      88.06  311       79.3              AB               A     A
  115    97  4 4.0 4.0 4.00 4.0  4 4.0 4.00 4.00 4.0 3.75   4 4.00 3.50 4.0 4.0 4.0 3.0 4.00 4.0      87.90  308       78.5               B               A     A
  106   108  4 4.0 4.0 3.40 4.0  4 4.0 4.00 4.00 4.0 4.00   4 3.00 3.50 2.5 4.0 3.5 3.5 4.00 3.5      87.90  308       78.5               B               A     A
  111   101  4 4.0 4.0 4.00 4.0  4 4.0 4.00 4.00 4.0 4.00   4 4.00 4.00 4.0 4.0 4.0 3.5 4.00 3.5      87.90  308       78.5               B               A     A
  117    95  4 4.0 4.0 4.00 4.0  4 4.0 4.00 4.00 4.0 4.00   4 4.00 4.00 4.0 4.0 4.0 3.0 4.00 4.0      87.90  308       78.5               B               A     A
  108   105  4 4.0 4.0 4.00 4.0  4 4.0 0.00 4.00 4.0 0.00   4 4.00 4.00 4.0 3.5 3.5 0.0 2.50 4.0      87.90  308       78.5               B               A     A
  119    93  4 4.0 4.0 4.00 4.0  4 4.0 4.00 4.00 4.0 1.00   4 4.00 4.00 4.0 4.0 4.0 3.5 4.00 3.5      87.90  308       78.5               B               A     A
  108   105  4 4.0 4.0 3.30 4.0  4 4.0 3.00 4.00 4.0 0.00   4 4.00 4.00 4.0 3.5 4.0 0.0 1.00 4.0      87.83  304       77.5               B               A     A
  113    99  4 4.0 4.0 4.00 4.0  4 4.0 4.00 4.00 4.0 3.00   4 4.00 3.75 4.0 4.0 4.0 3.5 2.75 4.0      87.82  303       77.2               B               A     A
  121    91  4 4.0 3.7 4.00 4.0  4 4.0 4.00 4.00 4.0 4.00   4 3.75 3.75 4.0 4.0 4.0 3.5 4.00 3.5      87.74  302       77.0               B               A     A
  110   103  4 4.0 4.0 4.00 4.0  4 4.0 4.00 4.00 4.0 4.00   4 3.50 3.75 3.5 4.0 4.0 3.0 3.50 3.5      87.66  301       76.7               B               A     A
  112    99  4 4.0 4.0 4.00 4.0  4 4.0 4.00 4.00 4.0 4.00   4 4.00 4.00 0.0 4.0 4.0 4.0 3.50 4.0      87.58  299       76.2               B               A     A
  108   103  4 4.0 4.0 4.00 4.0  4 4.0 4.00 4.00 4.0 4.00   4 4.00 3.75 4.0 4.0 4.0 3.5 4.00 4.0      87.58  299       76.2               B               A     A
  112    99  4 4.0 4.0 4.00 4.0  4 4.0 4.00 4.00 4.0 4.00   4 4.00 4.00 4.0 4.0 4.0 4.0 3.50 4.0      87.58  299       76.2               B               A     A
  114    97  4 4.0 4.0 3.70 4.0  4 4.0 4.00 0.00 4.0 3.75   4 4.00 3.50 4.0 4.0 4.0 3.8 4.00 3.5      87.44  297       75.7               B               A     A
  121    91  4 4.0 4.0 4.00 4.0  4 4.0 4.00 4.00 4.0 4.00   4 4.00 3.50 4.0 3.0 4.0 2.0 4.00 2.5      87.42  296       75.4               B               A     A
  112    99  4 4.0 4.0 3.94 4.0  4 4.0 3.75 4.00 4.0 4.00   4 4.00 4.00 4.0 3.5 4.0 3.0 4.00 3.5      87.42  296       75.4               B               A     A
  108   102  4 4.0 4.0 4.00 4.0  4 4.0 4.00 4.00 4.0 4.00   4 4.00 4.00 4.0 4.0 4.0 3.8 3.80 4.0      87.26  292       74.4               B              AB    AB
  117    93  4 4.0 4.0 4.00 4.0  4 4.0 4.00 4.00 4.0 4.00   4 4.00 4.00 4.0 4.0 4.0 4.0 3.00 4.0      87.26  292       74.4               B              AB    AB
  111   100  4 4.0 4.0 4.00 4.0  4 4.0 4.00 4.00 4.0 4.00   4 4.00 4.00 4.0 4.0 3.5 3.0 3.00 3.5      87.26  292       74.4               B              AB    AB
  113    97  4 4.0 4.0 4.00 4.0  4 4.0 4.00 4.00 4.0 4.00   4 4.00 3.50 4.0 4.0 4.0 4.0 3.00 4.0      87.26  292       74.4               B              AB    AB
  115    95  4 4.0 4.0 4.00 4.0  4 4.0 4.00 4.00 4.0 4.00   4 4.00 3.75 4.0 3.5 4.0 4.0 3.00 4.0      87.18  290       73.9               B              AB    AB
  110   100  4 4.0 4.0 3.80 4.0  4 4.0 4.00 4.00 4.0 4.00   4 4.00 3.25 4.0 4.0 4.0 3.5 2.50 4.0      87.10  289       73.7               B              AB    AB
  111    99  4 4.0 4.0 4.00 4.0  4 4.0 4.00 4.00 4.0 4.00   4 3.75 4.00 4.0 3.0 4.0 3.0 4.00 3.5      87.02  288       73.4               B              AB    AB
  113    97  4 4.0 4.0 3.58 4.0  4 4.0 4.00 4.00 4.0 4.00   4 4.00 4.00 4.0 3.0 4.0 3.5 3.00 3.5      86.94  284       72.4               B              AB    AB
  121    90  4 4.0 4.0 3.58 4.0  4 4.0 4.00 4.00 4.0 4.00   4 4.00 4.00 4.0 3.0 2.0 2.5 3.00 4.0      86.94  284       72.4               B              AB    AB
  117    92  4 4.0 4.0 4.00 4.0  4 4.0 4.00 4.00 4.0 4.00   4 4.00 4.00 4.0 4.0 4.0 4.0 4.00 4.0      86.94  284       72.4               B              AB    AB
  117    92  4 4.0 4.0 4.00 4.0  4 4.0 4.00 4.00 4.0 4.00   4 4.00 4.00 4.0 4.0 4.0 3.0 4.00 4.0      86.94  284       72.4               B              AB    AB
  117    95  4 4.0 4.0 4.00 4.0  4 4.0 3.50 4.00 4.0 4.00   4 4.00 4.00 4.0 0.0 4.0 3.0 0.00 2.0      86.94  284       72.4               B              AB    AB
  117    92  4 4.0 4.0 4.00 4.0  4 4.0 4.00 4.00 4.0 4.00   4 4.00 4.00 4.0 4.0 4.0 3.5 4.00 4.0      86.94  284       72.4               B              AB    AB
  111    97  4 4.0 4.0 4.00 4.0  4 4.0 4.00 4.00 4.0 4.00   4 4.00 4.00 4.0 4.0 4.0 3.5 4.00 3.0      86.62  281       71.6               B              AB    AB
  115    93  4 3.5 4.0 3.40 4.0  4 4.0 4.00 4.00 4.0 4.00   4 4.00 3.50 4.0 4.0 4.0 3.5 4.00 3.0      86.46  280       71.4               B              AB    AB
  109   100  4 4.0 4.0 3.40 4.0  4 4.0 4.00 4.00 4.0 3.75   4 3.50 3.75 4.0 4.0 2.5 3.5 3.10 3.5      86.39  279       71.1               B              AB    AB
  107   100  4 4.0 4.0 4.00 4.0  3 4.0 4.00 4.00 4.0 4.00   4 4.00 4.00 4.0 4.0 4.0 4.0 4.00 4.0      86.31  276       70.3               B              AB    AB
  108    99  4 4.0 4.0 4.00 4.0  4 4.0 4.00 4.00 4.0 4.00   4 4.00 4.00 4.0 4.0 3.5 3.0 4.00 4.0      86.31  276       70.3               B              AB    AB
  108    99  4 4.0 4.0 4.00 4.0  4 4.0 4.00 4.00 4.0 4.00   4 4.00 4.00 3.5 4.0 4.0 4.0 4.00 4.0      86.31  276       70.3               B              AB    AB
  103   104  4 4.0 4.0 4.00 4.0  4 4.0 4.00 4.00 4.0 4.00   4 4.00 4.00 4.0 4.0 4.0 4.0 2.50 4.0      86.31  276       70.3               B              AB    AB
  107   100  4 4.0 4.0 4.00 4.0  4 4.0 4.00 4.00 4.0 4.00   4 4.00 0.00 4.0 4.0 4.0 3.0 4.00 4.0      86.31  276       70.3               B              AB    AB
  117    90  4 4.0 4.0 4.00 4.0  4 4.0 4.00 4.00 4.0 0.00   4 4.00 4.00 3.5 4.0 4.0 3.5 4.00 3.5      86.15  272       69.3               B              AB    AB
  113    95  4 4.0 4.0 3.70 4.0  4 4.0 4.00 4.00 4.0 4.00   4 0.00 4.00 4.0 4.0 4.0 3.0 0.00 3.5      86.15  272       69.3               B              AB    AB
  111    96  4 4.0 4.0 4.00 4.0  4 4.0 4.00 4.00 4.0 4.00   4 3.75 3.25 4.0 4.0 4.0 2.5 3.50 4.0      86.07  270       68.8               B              AB    AB
  117    91  4 4.0 4.0 4.00 4.0  4 4.0 4.00 4.00 4.0 3.50   4 3.25 3.25 4.0 3.5 4.0 2.0 3.50 4.0      86.07  270       68.8               B              AB    AB
  110    96  4 4.0 4.0 4.00 4.0  4 4.0 4.00 4.00 4.0 4.00   4 4.00 3.75 4.0 4.0 4.0 4.0 3.50 4.0      85.99  266       67.8               B              AB    AB
  102   104  4 4.0 4.0 4.00 4.0  4 4.0 4.00 4.00 4.0 4.00   4 4.00 4.00 4.0 4.0 3.0 4.0 3.50 4.0      85.99  266       67.8               B              AB    AB
  103   105  4 4.0 4.0 4.00 4.0  4 4.0 4.00 4.00 4.0 4.00   4 4.00 3.50 3.5 3.5 3.0 3.5 4.00 3.5      85.99  266       67.8               B              AB    AB
  108    98  4 4.0 4.0 4.00 4.0  4 4.0 4.00 4.00 4.0 4.00   4 4.00 4.00 4.0 4.0 4.0 3.0 3.50 4.0      85.99  266       67.8               B              AB    AB
  109    97  4 4.0 4.0 4.00 4.0  4 4.0 4.00 4.00 4.0 4.00   4 4.00 4.00 4.0 4.0 4.0 4.0 4.00 4.0      85.99  266       67.8               B              AB    AB
  107    99  4 4.0 4.0 4.00 4.0  4 4.0 4.00 4.00 4.0 4.00   4 4.00 4.00 4.0 4.0 4.0 3.5 4.00 4.0      85.99  266       67.8               B              AB    AB
  106   100  4 4.0 3.4 3.64 4.0  4 4.0 4.00 4.00 4.0 4.00   4 4.00 4.00 4.0 4.0 4.0 4.0 4.00 4.0      85.99  266       67.8               B              AB    AB
  116    90  4 4.0 4.0 4.00 4.0  4 4.0 4.00 4.00 4.0 4.00   4 3.75 4.00 4.0 4.0 4.0 4.0 4.00 3.5      85.99  266       67.8               B              AB    AB
  103   103  4 4.0 4.0 3.82 4.0  4 4.0 4.00 4.00 4.0 4.00   4 4.00 3.75 4.0 4.0 4.0 3.5 4.00 3.5      85.91  261       66.5               B              AB    AB
  111    98  4 4.0 4.0 4.00 4.0  4 4.0 4.00 4.00 4.0 4.00   4 4.00 3.75 4.0 0.0 2.5 3.3 2.50 2.0      85.68  260       66.2               B              AB    AB
  108    97  4 4.0 4.0 4.00 4.0  4 4.0 4.00 4.00 4.0 4.00   4 4.00 4.00 4.0 4.0 4.0 4.0 0.00 3.0      85.67  258       65.7               B              AB    AB
  115    90  4 4.0 4.0 4.00 4.0  4 4.0 4.00 4.00 4.0 4.00   4 4.00 4.00 4.0 4.0 4.0 4.0 4.00 4.0      85.67  258       65.7               B              AB    AB
  116    91  4 4.0 4.0 4.00 4.0  4 4.0 4.00 4.00 4.0 4.00   4 4.00 3.50 4.0 3.5 2.0 2.0 3.00 3.5      85.51  257       65.5               B              AB    AB
  110    94  4 4.0 4.0 3.70 4.0  4 4.0 4.00 4.00 4.0 4.00   4 3.25 3.50 4.0 4.0 4.0 4.0 4.00 4.0      85.35  256       65.2               B              AB    AB
  107   101  4 4.0 4.0 4.00 4.0  4 4.0 3.00 1.50 4.0 4.00   4 0.00 3.50 3.0 0.0 4.0 2.0 3.00 4.0      85.19  255       65.0               B              AB    AB
  111    92  4 4.0 4.0 4.00 4.0  4 4.0 4.00 4.00 4.0 4.00   4 3.50 4.00 4.0 4.0 4.0 4.0 4.00 4.0      85.03  254       64.7               B               B     B
  117    86  4 4.0 4.0 4.00 4.0  4 4.0 4.00 4.00 4.0 4.00   4 4.00 4.00 4.0 4.0 4.0 4.0 4.00 4.0      85.03  254       64.7               B               B     B
  107    97  4 4.0 4.0 4.00 4.0  4 4.0 4.00 3.75 0.0 4.00   4 4.00 3.75 4.0 4.0 3.5 0.0 3.50 2.5      84.95  252       64.2               B               B     B
  113    91  4 4.0 4.0 4.00 4.0  4 4.0 4.00 4.00 4.0 4.00   4 4.00 3.50 3.5 4.0 4.0 3.5 2.50 3.5      84.87  250       63.7               B               B     B
  104   100  4 4.0 4.0 3.70 4.0  4 4.0 4.00 4.00 4.0 4.00   4 4.00 4.00 3.5 3.5 4.0 3.0 3.50 3.0      84.87  250       63.7               B               B     B
  113    90  4 4.0 4.0 4.00 4.0  4 4.0 4.00 4.00 4.0 4.00   4 3.25 4.00 4.0 4.0 4.0 4.0 3.50 3.0      84.87  250       63.7               B               B     B
   99   104  4 4.0 4.0 4.00 4.0  4 4.0 4.00 4.00 4.0 4.00   4 4.00 3.25 4.0 4.0 4.0 3.5 2.50 4.0      84.87  250       63.7               B               B     B
  108    94  4 4.0 4.0 4.00 4.0  4 4.0 4.00 4.00 4.0 4.00   4 4.00 4.00 4.0 4.0 4.0 4.0 3.00 4.0      84.71  245       62.4               B               B     B
  110    92  4 4.0 4.0 4.00 4.0  4 4.0 4.00 4.00 4.0 4.00   4 4.00 4.00 4.0 4.0 4.0 4.0 3.20 4.0      84.71  245       62.4               B               B     B
  111    91  4 4.0 4.0 4.00 4.0  4 4.0 4.00 4.00 4.0 4.00   4 3.50 4.00 4.0 4.0 4.0 3.5 4.00 4.0      84.71  245       62.4               B               B     B
  106    96  4 4.0 3.7 4.00 4.0  4 4.0 4.00 4.00 4.0 4.00   4 4.00 3.50 4.0 3.0 4.0 4.0 4.00 4.0      84.71  245       62.4               B               B     B
  112    90  4 4.0 4.0 4.00 4.0  4 4.0 4.00 4.00 4.0 4.00   4 4.00 4.00 4.0 4.0 4.0 3.5 4.00 3.5      84.71  245       62.4               B               B     B
  107    95  4 4.0 4.0 4.00 4.0  4 4.0 4.00 4.00 4.0 4.00   4 3.75 4.00 3.5 4.0 4.0 4.0 3.80 4.0      84.65  242       61.6               B               B     B
  108    95  4 4.0 4.0 4.00 4.0  4 4.0 4.00 4.00 4.0 4.00   4 4.00 3.25 3.5 3.5 3.5 3.0 4.00 4.0      84.55  240       61.1               B               B     B
  110    93  4 4.0 4.0 4.00 4.0  4 4.0 4.00 4.00 4.0 4.00   4 3.50 4.00 4.0 4.0 4.0 3.0 3.00 2.5      84.55  240       61.1               B               B     B
  117    86  4 4.0 4.0 3.40 4.0  4 4.0 4.00 4.00 4.0 4.00   4 4.00 0.00 4.0 4.0 4.0 0.0 3.50 3.0      84.55  240       61.1               B               B     B
  102    99  4 4.0 4.0 4.00 4.0  4 4.0 4.00 4.00 4.0 4.00   4 4.00 4.00 4.0 4.0 4.0 4.0 2.50 4.0      84.39  236       60.1               B               B     B
  114    88  4 4.0 4.0 4.00 4.0  4 4.0 3.75 4.00 4.0 3.75   4 4.00 4.00 4.0 4.0 3.5 0.0 3.50 0.0      84.39  236       60.1               B               B     B
  111    90  4 4.0 4.0 4.00 4.0  4 4.0 4.00 4.00 4.0 4.00   4 4.00 3.25 4.0 4.0 4.0 4.0 4.00 4.0      84.39  236       60.1               B               B     B
  107    94  4 4.0 4.0 4.00 4.0  4 4.0 4.00 4.00 4.0 4.00   4 4.00 4.00 4.0 3.0 4.0 4.0 4.00 4.0      84.39  236       60.1               B               B     B
  111    90  4 4.0 4.0 4.00 4.0  4 4.0 4.00 4.00 4.0 4.00   4 4.00 4.00 4.0 4.0 4.0 4.0 3.50 4.0      84.39  236       60.1               B               B     B
  117    84  4 4.0 4.0 4.00 4.0  4 4.0 4.00 4.00 4.0 4.00   4 4.00 3.75 4.0 2.5 4.0 4.0 3.50 4.0      84.32  233       59.3               B               B     B
  107    94  4 4.0 4.0 4.00 4.0  4 4.0 4.00 4.00 4.0 4.00   4 4.00 3.75 4.0 4.0 3.0 3.7 3.50 4.0      84.22  232       59.1               B               B     B
  119    82  4 4.0 4.0 3.34 4.0  4 4.0 3.75 4.00 4.0 4.00   4 3.75 4.00 4.0 4.0 2.0 4.0 3.00 3.5      84.16  230       58.6               B               B     B
  111    91  4 4.0 4.0 3.94 4.0  4 4.0 4.00 4.00 4.0 4.00   4 4.00 2.75 4.0 4.0 4.0 1.5 3.50 0.0      84.16  230       58.6               B               B     B
  111    89  4 4.0 4.0 4.00 4.0  4 4.0 4.00 4.00 4.0 4.00   4 3.50 4.00 4.0 4.0 4.0 4.0 3.50 4.0      84.08  226       57.5               B               B     B
  110    90  4 4.0 4.0 4.00 4.0  4 4.0 4.00 4.00 4.0 4.00   4 4.00 4.00 4.0 4.0 4.0 4.0 4.00 3.5      84.08  226       57.5               B               B     B
  113    88  4 4.0 4.0 4.00 4.0  4 4.0 4.00 4.00 4.0 3.25   4 4.00 3.50 4.0 4.0 3.0 4.0 0.00 3.5      84.08  226       57.5               B               B     B
  107    93  4 4.0 4.0 4.00 4.0  4 4.0 4.00 4.00 4.0 4.00   4 4.00 4.00 3.5 4.0 4.0 4.0 3.50 4.0      84.08  226       57.5               B               B     B
  115    85  4 4.0 4.0 4.00 4.0  4 4.0 4.00 4.00 4.0 4.00   4 4.00 4.00 4.0 4.0 4.0 2.5 3.50 4.0      84.08  226       57.5               B               B     B
  110    90  4 4.0 4.0 4.00 4.0  4 4.0 4.00 4.00 4.0 4.00   4 4.00 4.00 4.0 4.0 4.0 4.0 4.00 4.0      84.08  226       57.5               B               B     B
  106    94  4 4.0 4.0 4.00 4.0  4 4.0 4.00 4.00 4.0 4.00   4 4.00 4.00 4.0 4.0 4.0 4.0 4.00 4.0      84.08  226       57.5               B               B     B
  110    90  4 4.0 4.0 4.00 4.0  4 4.0 4.00 4.00 4.0 4.00   4 4.00 4.00 4.0 4.0 4.0 4.0 4.00 3.5      84.08  226       57.5               B               B     B
  110    91  4 4.0 4.0 4.00 4.0  4 4.0 4.00 4.00 4.0 4.00   4 3.75 3.50 4.0 3.5 4.0 3.0 4.00 3.5      84.00  221       56.3               B               B     B
  104    96  4 4.0 4.0 3.94 4.0  4 4.0 4.00 4.00 4.0 3.50   4 4.00 4.00 4.0 4.0 4.0 3.5 3.00 0.0      83.92  220       56.0               B               B     B
  107    94  4 4.0 4.0 4.00 4.0  3 3.0 3.50 4.00 4.0 4.00   4 4.00 3.50 4.0 2.5 0.0 3.5 4.00 4.0      83.92  220       56.0               B               B     B
  111    88  4 4.0 4.0 4.00 4.0  4 4.0 4.00 4.00 4.0 4.00   4 4.00 4.00 4.0 4.0 4.0 4.0 3.50 4.0      83.76  216       55.0               B               B     B
  115    84  4 4.0 4.0 4.00 4.0  4 4.0 4.00 4.00 4.0 4.00   4 4.00 4.00 4.0 4.0 4.0 4.0 3.00 3.5      83.76  216       55.0               B               B     B
   99   102  4 4.0 4.0 4.00 4.0  4 4.0 4.00 4.00 4.0 4.00   4 3.00 4.00 4.0 4.0 3.5 2.8 3.50 0.0      83.76  216       55.0               B               B     B
  121    78  4 4.0 4.0 4.00 4.0  4 4.0 4.00 4.00 4.0 4.00   4 4.00 4.00 4.0 4.0 2.0 4.0 0.00 4.0      83.76  216       55.0               B               B     B
  107    92  4 4.0 4.0 4.00 4.0  4 4.0 4.00 4.00 4.0 4.00   4 4.00 4.00 4.0 4.0 4.0 4.0 4.00 4.0      83.76  216       55.0               B               B     B
  106    93  4 4.0 4.0 4.00 4.0  4 4.0 4.00 4.00 4.0 4.00   4 4.00 4.00 3.5 4.0 4.0 3.5 4.00 4.0      83.76  216       55.0               B               B     B
  108    91  4 4.0 4.0 4.00 4.0  4 4.0 4.00 4.00 4.0 4.00   4 4.00 4.00 4.0 4.0 3.5 3.8 4.00 2.5      83.69  212       54.0               B               B     B
  113    87  4 4.0 4.0 4.00 4.0  4 0.0 2.25 4.00 3.5 3.50   4 4.00 3.75 4.0 4.0 0.0 1.5 4.00 4.0      83.68  211       53.7               B               B     B
  112    88  4 4.0 4.0 3.94 4.0  4 4.0 4.00 4.00 4.0 4.00   4 3.25 3.50 3.0 3.5 4.0 3.5 4.00 4.0      83.60  210       53.5               B               B     B
   98   101  4 4.0 4.0 4.00 4.0  4 4.0 4.00 4.00 4.0 4.00   4 3.50 4.00 4.0 4.0 3.0 4.0 3.50 4.0      83.60  210       53.5               B               B     B
  100    98  4 4.0 4.0 4.00 4.0  4 4.0 3.25 4.00 4.0 4.00   4 3.75 4.00 4.0 4.0 4.0 4.0 3.00 4.0      83.44  208       52.9               B               B     B
  109    90  4 4.0 4.0 3.82 4.0  4 4.0 4.00 4.00 4.0 4.00   4 3.75 3.25 3.5 3.5 4.0 4.0 2.00 4.0      83.36  205       52.2               B               B     B
  109    89  4 4.0 4.0 3.94 4.0  4 4.0 4.00 4.00 4.0 4.00   4 3.50 3.75 4.0 4.0 4.0 4.0 4.00 3.5      83.36  205       52.2               B               B     B
  103    95  4 4.0 4.0 4.00 4.0  4 4.0 4.00 4.00 4.0 4.00   4 4.00 3.75 4.0 2.5 4.0 4.0 4.00 3.5      83.36  205       52.2               B               B     B
  102    96  4 4.0 4.0 4.00 4.0  4 4.0 4.00 4.00 4.0 4.00   4 4.00 3.75 4.0 4.0 4.0 2.5 3.00 4.0      83.36  205       52.2               B               B     B
  106    92  4 4.0 4.0 4.00 4.0  4 4.0 4.00 4.00 4.0 4.00   4 4.00 3.75 2.5 4.0 4.0 4.0 4.00 3.5      83.36  205       52.2               B               B     B
  103    95  4 4.0 4.0 4.00 4.0  4 4.0 4.00 3.60 4.0 3.75   4 4.00 4.00 4.0 4.0 3.5 3.0 1.50 4.0      83.28  202       51.4               B               B     B
  106    95  4 4.0 4.0 3.28 3.4  3 4.0 3.25 2.75 3.0 3.38   4 4.00 4.00 4.0 4.0 4.0 3.0 3.85 4.0      83.22  201       51.2               B               B     B
  100    99  4 4.0 4.0 4.00 4.0  4 4.0 4.00 4.00 4.0 4.00   4 3.50 3.75 4.0 4.0 4.0 3.0 2.00 3.0      83.20  200       50.9               B               B     B
  107    90  4 4.0 4.0 4.00 4.0  4 4.0 4.00 4.00 4.0 4.00   4 4.00 4.00 4.0 4.0 3.0 3.0 4.00 4.0      83.12  198       50.4               B               B     B
  103    94  4 4.0 4.0 3.70 4.0  4 4.0 4.00 4.00 4.0 3.25   4 4.00 3.25 4.0 4.0 4.0 3.5 4.00 4.0      83.12  198       50.4               B               B     B
  117    80  4 4.0 4.0 3.70 4.0  4 4.0 4.00 4.00 4.0 4.00   4 4.00 4.00 4.0 3.5 4.0 4.0 4.00 3.5      83.12  198       50.4               B               B     B
  113    86  4 4.0 3.7 3.70 4.0  4 4.0 4.00 4.00 4.0 3.75   4 3.50 3.50 3.5 4.0 3.0 4.0 3.50 3.0      83.04  196       49.9               B               B     B
  103    94  4 4.0 4.0 3.70 4.0  4 4.0 4.00 4.00 4.0 4.00   4 4.00 3.50 3.5 4.0 4.0 3.5 4.00 4.0      82.96  194       49.4               B               B     B
  107    92  4 4.0 4.0 4.00 4.0  4 3.5 0.00 4.00 3.5 3.13   4 3.75 2.75 2.5 4.0 4.0 4.0 4.00 2.0      82.96  194       49.4               B               B     B
  106    90  4 4.0 4.0 4.00 4.0  4 4.0 4.00 4.00 4.0 4.00   4 4.00 4.00 4.0 4.0 4.0 4.0 4.00 3.5      82.80  193       49.1               B               B     B
  103    93  4 4.0 4.0 3.94 4.0  4 4.0 4.00 0.00 4.0 3.75   4 4.00 4.00 4.0 4.0 3.5 3.0 4.00 4.0      82.78  192       48.8               B               B     B
  106    92  4 4.0 4.0 4.00 4.0  4 4.0 4.00 3.25 4.0 4.00   4 3.50 4.00 4.0 4.0 2.0 2.8 3.50 2.5      82.74  190       48.3               B               B     B
  107    89  4 4.0 4.0 4.00 4.0  4 4.0 4.00 4.00 4.0 4.00   4 4.00 4.00 3.5 4.0 4.0 3.5 3.80 4.0      82.74  190       48.3               B               B     B
  117    81  4 4.0 4.0 3.64 4.0  4 4.0 4.00 4.00 4.0 3.50   4 2.75 3.50 4.0 4.0 4.0 1.0 3.50 1.5      82.72  189       48.1               B               B     B
  107    89  4 4.0 4.0 4.00 4.0  4 4.0 3.50 4.00 4.0 4.00   4 4.00 4.00 4.0 4.0 4.0 1.0 3.50 3.5      82.64  188       47.8               B               B     B
  111    89  4 4.0 4.0 3.00 4.0  4 3.5 3.00 3.75 3.5 2.75   4 4.00 3.50 3.5 3.5 3.5 3.5 3.50 3.0      82.56  187       47.6               B               B     B
  107    90  4 4.0 4.0 3.88 4.0  4 4.0 4.00 4.00 4.0 4.00   4 3.75 3.75 3.0 3.5 3.5 3.5 3.00 4.0      82.48  185       47.1               B               B     B
  108    89  4 4.0 4.0 4.00 4.0  4 4.0 4.00 4.00 0.0 4.00   4 4.00 2.50 3.5 0.0 3.5 3.0 4.00 4.0      82.48  185       47.1               B               B     B
  106    89  4 4.0 4.0 4.00 4.0  4 4.0 4.00 4.00 4.0 4.00   4 4.00 4.00 4.0 4.0 4.0 4.0 4.00 3.5      82.48  185       47.1               B               B     B
  113    82  4 4.0 4.0 4.00 4.0  4 4.0 4.00 4.00 4.0 4.00   4 4.00 3.50 4.0 4.0 4.0 4.0 2.50 2.0      82.32  182       46.3               B               B     B
  112    84  4 4.0 4.0 4.00 4.0  4 4.0 4.00 4.00 4.0 4.00   4 4.00 4.00 3.5 3.5 4.0 3.5 3.00 3.5      82.32  182       46.3               B               B     B
  103    93  4 4.0 4.0 4.00 4.0  4 4.0 4.00 4.00 4.0 4.00   4 3.50 3.50 3.0 4.0 4.0 3.5 4.00 3.5      82.32  182       46.3               B               B     B
   98    96  4 4.0 4.0 3.70 4.0  4 4.0 4.00 4.00 4.0 4.00   4 4.00 3.50 4.0 4.0 4.0 4.0 2.50 4.0      82.17  179       45.5               B               B     B
  112    82  4 4.0 4.0 3.58 4.0  4 4.0 4.00 4.00 4.0 3.50   4 3.75 4.00 4.0 4.0 4.0 4.0 4.00 3.5      82.17  179       45.5               B               B     B
  109    85  4 4.0 4.0 4.00 4.0  4 4.0 4.00 4.00 4.0 4.00   4 3.75 3.00 4.0 4.0 4.0 4.0 4.00 4.0      82.17  179       45.5               B               B     B
  105    92  4 4.0 4.0 3.62 2.8  4 4.0 4.00 3.50 3.5 3.75   4 4.00 0.00 4.0 4.0 4.0 4.0 2.00 0.0      82.12  177       45.0               B               B     B
  103    97  4 4.0 4.0 3.40 4.0  4 4.0 3.63 2.70 4.0 3.50   4 3.75 0.00 2.5 4.0 2.5 3.0 0.00 2.5      81.97  176       44.8              BC              BC    BC
  112    86  4 4.0 4.0 2.88 4.0  4 4.0 3.25 1.70 4.0 3.50   4 4.00 2.50 4.0 4.0 3.0 2.5 2.00 3.0      81.93  175       44.5              BC              BC    BC
  104    89  4 4.0 4.0 3.94 4.0  4 4.0 4.00 4.00 4.0 4.00   4 4.00 4.00 4.0 4.0 4.0 4.0 4.00 4.0      81.85  174       44.2              BC              BC    BC
  108    85  4 4.0 4.0 3.88 4.0  4 4.0 4.00 4.00 4.0 0.00   4 4.00 4.00 3.0 4.0 4.0 4.0 4.00 3.0      81.85  174       44.2              BC              BC    BC
  110    85  4 4.0 4.0 3.10 4.0  4 4.0 0.00 4.00 3.5 3.88   4 3.50 3.50 4.0 4.0 4.0 0.0 3.50 2.5      81.81  172       43.7              BC              BC    BC
  108    85  4 4.0 4.0 3.94 4.0  4 4.0 0.25 4.00 3.0 4.00   4 4.00 0.00 4.0 4.0 4.0 0.0 3.50 4.0      81.67  171       43.5              BC              BC    BC
   79   115  4 4.0 4.0 4.00 4.0  4 4.0 4.00 4.00 4.0 4.00   4 2.75 2.50 2.0 4.0 4.0 4.0 4.00 3.5      81.61  170       43.2              BC              BC    BC
  107    89  4 4.0 4.0 4.00 4.0  4 4.0 3.25 0.25 4.0 3.25   4 4.00 3.25 4.0 4.0 2.0 2.5 0.00 3.0      81.53  168       42.7              BC              BC    BC
  109    84  4 4.0 4.0 3.70 4.0  4 4.0 4.00 4.00 0.0 4.00   4 3.75 3.75 4.0 4.0 0.0 4.0 3.50 3.0      81.53  168       42.7              BC              BC    BC
   92   101  4 4.0 4.0 4.00 4.0  4 4.0 4.00 4.00 4.0 3.25   4 3.50 4.00 3.5 4.0 4.0 4.0 3.50 3.5      81.53  168       42.7              BC              BC    BC
  115    77  4 4.0 4.0 4.00 4.0  4 4.0 4.00 4.00 3.0 4.00   4 4.00 4.00 4.0 4.0 4.0 4.0 4.00 4.0      81.53  168       42.7              BC              BC    BC
  106    87  4 4.0 4.0 3.94 4.0  4 4.0 4.00 4.00 4.0 4.00   4 3.00 3.75 3.5 4.0 3.5 2.5 4.00 4.0      81.45  165       41.9              BC              BC    BC
  113    79  4 4.0 4.0 4.00 4.0  4 4.0 4.00 4.00 4.0 4.00   4 2.75 4.00 4.0 2.5 3.5 4.0 4.00 4.0      81.37  164       41.7              BC              BC    BC
  108    85  4 4.0 4.0 4.00 4.0  4 4.0 4.00 4.00 4.0 4.00   4 3.50 3.50 4.0 4.0 4.0 2.3 3.30 3.0      81.31  163       41.4              BC              BC    BC
  107    84  4 4.0 4.0 4.00 4.0  4 4.0 4.00 4.00 4.0 4.00   4 4.00 4.00 4.0 4.0 4.0 3.5 3.00 4.0      81.21  162       41.2              BC              BC    BC
  102    90  4 4.0 4.0 3.52 4.0  4 4.0 4.00 2.95 3.5 4.00   4 4.00 3.50 4.0 0.0 4.0 1.5 4.00 3.5      81.06  161       40.9              BC              BC    BC
  107    86  4 4.0 4.0 1.56 4.0  4 4.0 4.00 4.00 4.0 4.00   4 4.00 0.00 4.0 3.0 4.0 0.0 3.50 2.5      80.89  158       40.2              BC              BC    BC
  102    88  4 4.0 4.0 3.62 4.0  4 4.0 4.00 4.00 4.0 4.00   4 4.00 4.00 4.0 4.0 4.0 3.5 3.50 4.0      80.89  158       40.2              BC              BC    BC
   90   100  4 4.0 3.7 4.00 4.0  4 4.0 4.00 4.00 4.0 4.00   4 0.00 4.00 4.0 4.0 4.0 4.0 4.00 3.5      80.89  158       40.2              BC              BC    BC
  107    83  4 4.0 4.0 3.82 4.0  4 4.0 4.00 4.00 4.0 4.00   4 4.00 4.00 4.0 3.5 4.0 3.5 4.00 4.0      80.89  158       40.2              BC              BC    BC
  100    90  4 4.0 4.0 4.00 4.0  4 4.0 4.00 4.00 4.0 4.00   4 4.00 4.00 4.0 4.0 4.0 4.0 4.00 4.0      80.89  158       40.2              BC              BC    BC
  100    90  4 4.0 4.0 4.00 4.0  4 4.0 4.00 4.00 4.0 4.00   4 4.00 3.75 4.0 4.0 3.5 3.5 4.00 4.0      80.81  155       39.4              BC              BC    BC
  103    87  4 4.0 2.8 4.00 4.0  4 4.0 4.00 4.00 4.0 4.00   4 4.00 4.00 4.0 4.0 4.0 3.0 2.00 3.5      80.73  154       39.1              BC              BC    BC
  115    76  4 4.0 4.0 3.80 4.0  4 4.0 4.00 4.00 4.0 0.00   4 4.00 4.00 4.0 4.0 0.0 2.5 2.50 4.0      80.73  154       39.1              BC              BC    BC
  107    82  4 4.0 4.0 4.00 4.0  4 4.0 4.00 4.00 4.0 4.00   4 4.00 4.00 4.0 3.5 4.0 4.0 4.00 4.0      80.57  152       38.6              BC              BC    BC
  102    89  4 4.0 4.0 3.70 4.0  4 4.0 4.00 4.00 4.0 4.00   4 4.00 4.00 2.5 4.0 3.5 3.5 3.00 2.5      80.57  152       38.6              BC              BC    BC
  117    74  4 4.0 4.0 4.00 2.8  4 4.0 3.75 0.00 3.0 3.75   4 4.00 4.00 4.0 4.0 4.0 0.0 0.00 3.0      80.41  150       38.1              BC              BC    BC
   94    95  4 4.0 4.0 4.00 4.0  4 4.0 4.00 4.00 4.0 4.00   4 4.00 4.00 4.0 4.0 3.5 3.5 3.50 4.0      80.41  150       38.1              BC              BC    BC
   95    99  4 4.0 4.0 4.00 4.0  4 4.0 2.75 2.70 1.0 2.75   4 3.50 3.25 3.5 4.0 3.5 2.0 2.10 3.0      80.33  148       37.6              BC              BC    BC
  117    74  4 4.0 4.0 3.58 4.0  3 4.0 4.00 2.50 3.0 4.00   4 1.50 3.50 4.0 4.0 4.0 4.0 3.00 3.0      80.28  147       37.3              BC              BC    BC
  103    88  4 4.0 4.0 4.00 4.0  4 4.0 4.00 4.00 4.0 4.00   4 3.00 3.25 4.0 3.0 3.0 4.0 1.50 3.5      80.18  146       37.1              BC              BC    BC
   99    89  4 4.0 4.0 4.00 4.0  4 4.0 4.00 4.00 4.0 4.00   4 4.00 3.25 4.0 4.0 4.0 4.0 3.50 2.5      80.10  143       36.3              BC              BC    BC
  101    92  4 4.0 4.0 3.64 4.0  4 4.0 3.25 4.00 4.0 3.75   4 3.00 3.25 2.5 3.5 4.0 2.0 2.50 1.5      80.10  143       36.3              BC              BC    BC
   92    96  4 4.0 4.0 3.70 4.0  4 4.0 4.00 4.00 4.0 3.00   4 2.50 4.00 4.0 4.0 4.0 3.5 4.00 1.5      80.10  143       36.3              BC              BC    BC
   98    92  4 4.0 4.0 4.00 4.0  4 4.0 4.00 4.00 4.0 4.00   4 2.75 3.75 4.0 4.0 3.5 1.0 2.50 3.5      80.10  143       36.3              BC              BC    BC
   99    89  4 4.0 4.0 4.00 4.0  4 4.0 4.00 4.00 4.0 4.00   4 4.00 4.00 4.0 3.5 4.0 3.5 2.50 4.0      80.10  143       36.3              BC              BC    BC
  103    84  4 4.0 4.0 4.00 4.0  4 4.0 4.00 4.00 4.0 4.00   4 4.00 4.00 4.0 4.0 4.0 3.5 3.50 4.0      79.94  140       35.5              BC              BC    BC
   99    88  4 4.0 4.0 4.00 4.0  4 4.0 4.00 4.00 4.0 4.00   4 3.75 4.00 4.0 4.0 4.0 4.0 4.00 3.5      79.94  140       35.5              BC              BC    BC
  103    86  4 4.0 4.0 3.94 4.0  4 4.0 3.50 3.60 4.0 3.13   4 3.25 3.75 4.0 4.0 3.5 2.0 3.50 3.5      79.87  138       35.0              BC              BC    BC
  106    81  4 4.0 4.0 3.70 4.0  4 4.0 4.00 3.60 4.0 2.00   4 4.00 4.00 4.0 4.0 3.0 4.0 3.00 4.0      79.84  137       34.8              BC              BC    BC
  102    86  4 4.0 4.0 4.00 4.0  4 4.0 4.00 4.00 4.0 4.00   4 4.00 3.00 2.5 4.0 4.0 3.5 3.60 3.5      79.81  136       34.5              BC              BC    BC
  106    81  4 4.0 4.0 3.70 4.0  4 4.0 4.00 3.75 3.5 0.00   4 4.00 4.00 4.0 4.0 3.0 3.5 4.00 4.0      79.76  135       34.3              BC              BC    BC
   94    92  4 4.0 4.0 4.00 4.0  4 4.0 4.00 4.00 4.0 4.00   4 4.00 3.50 4.0 4.0 3.5 4.0 4.00 4.0      79.62  132       33.5              BC              BC    BC
  103    83  4 4.0 4.0 4.00 4.0  4 4.0 4.00 4.00 4.0 4.00   4 4.00 4.00 4.0 4.0 4.0 3.5 3.50 4.0      79.62  132       33.5              BC              BC    BC
   94    92  4 4.0 4.0 4.00 4.0  4 4.0 4.00 4.00 4.0 4.00   4 4.00 4.00 4.0 4.0 4.0 3.0 3.50 4.0      79.62  132       33.5              BC              BC    BC
  103    83  4 4.0 4.0 4.00 4.0  4 4.0 4.00 4.00 4.0 4.00   4 4.00 4.00 4.0 4.0 4.0 3.5 4.00 4.0      79.62  132       33.5              BC              BC    BC
  102    84  4 4.0 4.0 4.00 4.0  4 4.0 4.00 4.00 4.0 4.00   4 4.00 4.00 4.0 4.0 4.0 4.0 2.30 4.0      79.62  132       33.5              BC              BC    BC
  109    78  4 4.0 4.0 4.00 4.0  4 4.0 4.00 4.00 4.0 3.50   4 4.00 4.00 4.0 4.0 4.0 2.0 2.50 2.5      79.46  129       32.7              BC              BC    BC
  116    80  4 3.5 3.7 2.72 4.0  4 2.0 2.25 2.35 2.5 3.25   4 2.50 1.50 4.0 3.0 3.5 2.5 3.50 2.5      79.31  128       32.5              BC              BC    BC
  102    85  4 4.0 3.7 3.76 4.0  4 4.0 4.00 4.00 4.0 4.00   4 4.00 3.00 4.0 4.0 1.0 3.0 3.00 4.0      79.30  126       32.0              BC              BC    BC
  103    82  4 4.0 4.0 4.00 4.0  4 4.0 4.00 1.70 3.5 4.00   4 4.00 3.50 4.0 4.0 4.0 4.0 4.00 4.0      79.30  126       32.0              BC              BC    BC
  100    85  4 4.0 4.0 4.00 4.0  4 4.0 4.00 4.00 4.0 4.00   4 4.00 3.50 4.0 4.0 4.0 4.0 4.00 4.0      79.30  126       32.0              BC              BC    BC
  101    85  4 4.0 4.0 3.82 4.0  4 4.0 3.50 4.00 4.0 4.00   4 4.00 3.50 2.5 4.0 4.0 4.0 3.50 3.5      79.30  126       32.0              BC              BC    BC
   98    90  4 4.0 4.0 4.00 0.0  4 4.0 4.00 3.75 3.5 4.00   4 3.50 3.50 0.0 3.0 4.0 3.0 4.00 0.0      79.22  122       30.9              BC              BC    BC
   99    87  4 4.0 4.0 4.00 4.0  4 4.0 3.75 0.00 4.0 1.50   4 3.50 3.50 4.0 4.0 3.5 4.0 3.50 4.0      79.22  122       30.9              BC              BC    BC
  107    79  4 4.0 4.0 4.00 4.0  4 4.0 4.00 4.00 4.0 4.00   4 4.00 3.75 4.0 3.5 3.5 3.5 3.50 4.0      79.22  122       30.9              BC              BC    BC
  109    77  4 4.0 4.0 3.40 4.0  4 4.0 4.00 4.00 4.0 4.00   4 4.00 3.25 4.0 4.0 2.5 2.8 3.80 3.0      79.00  120       30.4              BC              BC    BC
  102    85  4 4.0 4.0 3.70 4.0  4 4.0 4.00 4.00 4.0 4.00   4 3.50 0.00 4.0 4.0 4.0 3.5 0.00 1.5      78.82  118       29.9              BC               C    BC
   99    85  4 4.0 4.0 4.00 4.0  4 4.0 4.00 4.00 4.0 4.00   4 4.00 4.00 4.0 4.0 3.0 3.0 4.00 3.5      78.82  118       29.9              BC               C    BC
  112    80  4 4.0 4.0 4.00 4.0  4 4.0 4.00 4.00 4.0 4.00   4 3.50 3.75 2.0 0.0 4.0 0.0 0.00 2.0      78.74  117       29.7              BC               C    BC
  103    81  4 4.0 4.0 3.40 4.0  4 4.0 4.00 4.00 3.0 3.88   4 4.00 3.25 4.0 4.0 4.0 0.0 4.00 2.0      78.70  116       29.4              BC               C    BC
  106    77  4 4.0 4.0 3.68 4.0  4 4.0 4.00 4.00 4.0 4.00   4 4.00 4.00 4.0 4.0 3.5 3.5 4.00 4.0      78.66  114       28.9              BC               C    BC
  111    72  4 4.0 4.0 4.00 4.0  4 4.0 4.00 4.00 4.0 4.00   4 4.00 3.75 4.0 4.0 4.0 4.0 4.00 4.0      78.66  114       28.9              BC               C    BC
  103    80  4 4.0 4.0 4.00 4.0  4 4.0 4.00 4.00 4.0 4.00   4 4.00 4.00 4.0 4.0 3.0 3.5 3.10 4.0      78.50  113       28.6              BC               C    BC
  107    78  4 4.0 4.0 3.40 4.0  4 4.0 4.00 4.00 4.0 4.00   4 4.00 1.50 0.0 4.0 0.0 3.5 4.00 4.0      78.34  111       28.1              BC               C    BC
   98    91  4 4.0 4.0 3.22 4.0  4 4.0 3.50 4.00 4.0 3.25   4 4.00 4.00 0.0 0.0 0.0 3.0 4.00 2.5      78.34  111       28.1              BC               C    BC
  101    81  4 4.0 4.0 3.88 4.0  4 4.0 4.00 4.00 4.0 4.00   4 3.50 4.00 4.0 4.0 4.0 4.0 4.00 4.0      78.34  111       28.1              BC               C    BC
   95    88  4 4.0 4.0 4.00 4.0  4 4.0 4.00 4.00 4.0 4.00   4 4.00 3.25 4.0 4.0 3.0 3.0 4.00 3.5      78.26  109       27.6              BC               C    BC
  109    77  4 3.5 3.4 3.20 4.0  4 4.0 4.00 3.60 3.5 4.00   4 3.50 2.75 2.5 4.0 3.5 2.2 3.30 4.0      78.23  108       27.4              BC               C    BC
  107    95  4 4.0 4.0 2.68 4.0  0 0.0 1.75 3.75 0.0 2.33   4 0.00 0.00 4.0 2.5 0.0 0.0 3.50 3.0      78.19  107       27.1              BC               C    BC
   87    95  4 4.0 4.0 4.00 4.0  4 4.0 4.00 4.00 4.0 4.00   4 3.00 4.00 4.0 4.0 4.0 4.0 3.10 3.5      78.18  106       26.9              BC               C    BC
   92    90  4 4.0 4.0 4.00 4.0  4 4.0 4.00 4.00 4.0 3.42   4 4.00 3.00 4.0 4.0 4.0 3.5 3.00 4.0      78.18  106       26.9              BC               C    BC
   90    91  4 4.0 4.0 3.52 4.0  4 3.0 4.00 4.00 3.5 3.50   4 3.50 4.00 4.0 4.0 4.0 4.0 4.00 4.0      77.71  104       26.3               C               C     C
  117    70  4 4.0 4.0 3.08 4.0  4 4.0 3.63 0.25 3.5 2.00   4 4.00 3.75 4.0 4.0 3.0 0.0 0.00 0.0      77.69  103       26.1               C               C     C
   77   104  4 4.0 4.0 3.28 4.0  4 4.0 4.00 4.00 4.0 3.50   4 3.75 3.50 4.0 4.0 3.5 3.0 4.00 2.0      77.63  102       25.8               C               C     C
  102    88  4 4.0 3.7 2.24 2.2  4 1.5 2.00 3.50 3.5 0.00   4 3.25 4.00 0.0 3.5 3.5 2.5 2.50 3.5      77.51  101       25.6               C               C     C
   95    84  4 4.0 4.0 4.00 4.0  4 4.0 4.00 4.00 4.0 4.00   4 4.00 4.00 3.5 4.0 4.0 3.0 3.50 2.5      77.07   98       24.8               C               C     C
   94    84  4 4.0 4.0 4.00 4.0  4 4.0 4.00 4.00 4.0 4.00   4 4.00 4.00 4.0 4.0 4.0 4.0 3.50 4.0      77.07   98       24.8               C               C     C
   95    84  4 4.0 4.0 4.00 4.0  4 4.0 4.00 4.00 4.0 3.75   4 3.50 4.00 4.0 3.5 4.0 3.0 3.50 4.0      77.07   98       24.8               C               C     C
   98    80  4 4.0 4.0 4.00 4.0  4 4.0 4.00 4.00 4.0 4.00   4 3.50 4.00 4.0 4.0 4.0 4.0 4.00 4.0      77.07   98       24.8               C               C     C
   99    78  4 4.0 4.0 4.00 4.0  4 4.0 4.00 4.00 4.0 4.00   4 3.75 3.75 4.0 3.5 4.0 3.5 4.00 4.0      76.59   96       24.3               C               C     C
   95   100  4 4.0 4.0 3.82 4.0  4 4.0 4.00 1.45 0.0 0.88   4 4.00 0.00 0.0 4.0 0.0 0.0 0.00 0.0      76.52   95       24.0               C               C     C
   90    86  4 4.0 4.0 4.00 4.0  4 4.0 4.00 4.00 4.0 4.00   4 4.00 4.00 4.0 4.0 3.5 4.0 4.00 3.5      76.43   94       23.8               C               C     C
  106    69  4 4.0 4.0 3.70 4.0  4 4.0 4.00 4.00 4.0 4.00   4 4.00 4.00 4.0 4.0 3.5 3.5 4.00 3.5      75.96   93       23.5               C               C     C
   87    90  4 4.0 4.0 3.70 4.0  4 4.0 3.25 4.00 4.0 3.13   4 3.50 4.00 4.0 4.0 2.5 3.0 2.00 3.0      75.86   92       23.3               C               C     C
   94    80  4 4.0 4.0 4.00 4.0  4 4.0 4.00 4.00 4.0 4.00   4 4.00 4.00 4.0 4.0 4.0 3.5 3.00 3.5      75.64   91       23.0               C               C     C
   89    84  4 4.0 4.0 4.00 4.0  4 4.0 4.00 4.00 4.0 4.00   4 4.00 3.50 4.0 4.0 4.0 4.0 4.00 3.5      75.48   90       22.8               C               C     C
   96    91  4 4.0 4.0 0.78 4.0  4 4.0 4.00 0.00 0.0 0.00   4 3.75 0.00 3.5 4.0 4.0 1.5 0.00 0.0      75.33   89       22.5               C               C     C
   86    86  4 4.0 4.0 4.00 4.0  4 4.0 4.00 4.00 4.0 4.00   4 4.00 4.00 4.0 4.0 4.0 4.0 2.50 4.0      75.16   88       22.3               C               C     C
   98    74  4 4.0 4.0 4.00 4.0  4 4.0 4.00 4.00 4.0 2.75   4 4.00 4.00 4.0 4.0 3.5 4.0 2.50 3.5      75.00   87       22.0               C               C     C
  102    72  4 4.0 4.0 4.00 4.0  4 4.0 4.00 1.55 4.0 2.83   4 2.25 0.00 4.0 4.0 4.0 3.0 1.50 4.0      74.92   86       21.7               C               C     C
  100    75  4 4.0 4.0 3.34 4.0  4 3.5 3.75 4.00 4.0 3.25   4 3.25 3.25 3.5 3.5 3.5 2.5 3.50 3.0      74.76   85       21.5               C               C     C
  101    72  4 4.0 4.0 4.00 4.0  4 4.0 4.00 4.00 4.0 4.00   4 2.50 3.50 4.0 3.5 4.0 0.0 2.50 4.0      74.68   84       21.2               C               C     C
   90    83  4 4.0 4.0 3.50 4.0  4 4.0 2.25 4.00 3.0 4.00   4 4.00 2.50 4.0 4.0 4.0 3.0 2.00 2.5      74.52   83       21.0               C               C     C
   85    85  4 4.0 4.0 4.00 4.0  4 4.0 4.00 4.00 4.0 4.00   4 4.00 3.75 4.0 2.5 4.0 3.5 4.00 4.0      74.44   81       20.5               C               C     C
  102    70  4 4.0 4.0 4.00 4.0  4 4.0 4.00 4.00 2.5 3.50   4 3.50 3.75 3.5 4.0 0.0 2.0 3.50 3.5      74.44   81       20.5               C               C     C
   95    77  4 4.0 4.0 4.00 4.0  4 4.0 4.00 4.00 4.0 3.50   4 3.50 3.75 4.0 4.0 3.5 2.0 3.00 3.0      74.44   81       20.5               C               C     C
   93    79  4 4.0 3.7 3.64 4.0  4 3.0 4.00 4.00 4.0 4.00   4 4.00 1.75 3.5 4.0 3.5 4.0 2.00 2.5      74.27   79       19.9               C               C     C
   93    77  4 4.0 4.0 3.94 3.6  4 4.0 4.00 4.00 4.0 4.00   4 4.00 2.25 4.0 4.0 3.5 4.0 2.00 3.5      74.20   76       19.2               C               C     C
   86    87  4 4.0 4.0 4.00 4.0  4 4.0 4.00 0.00 4.0 4.00   4 4.00 3.50 0.0 3.5 0.0 3.0 3.00 3.0      74.20   76       19.2               C               C     C
   94    76  4 4.0 4.0 3.44 4.0  4 4.0 3.50 4.00 4.0 3.25   4 4.00 3.00 4.0 4.0 3.5 2.0 4.00 4.0      74.20   76       19.2               C               C     C
   91    81  4 4.0 4.0 4.00 4.0  4 4.0 4.00 4.00 4.0 3.75   4 2.75 4.00 3.0 4.0 4.0 3.0 3.00 3.0      74.20   76       19.2               C               C     C
  102    73  4 4.0 4.0 4.00 4.0  4 4.0 2.25 4.00 4.0 0.00   4 3.75 3.50 2.5 4.0 3.0 0.0 0.00 0.0      73.81   74       18.7               C               C     C
  106    74  4 4.0 4.0 2.04 3.6  4 3.5 3.25 2.20 2.0 0.75   4 3.75 2.00 4.0 0.0 2.5 1.5 2.00 2.0      73.52   73       18.4               C               C     C
   80    88  4 4.0 4.0 2.82 4.0  4 3.0 4.00 4.00 4.0 4.00   4 3.50 2.00 4.0 4.0 4.0 4.0 3.00 3.0      73.41   72       18.2               C               C     C
   99    68  4 4.0 4.0 3.94 4.0  4 4.0 4.00 4.00 4.0 4.00   4 4.00 4.00 4.0 4.0 3.0 3.0 4.00 3.5      73.41   72       18.2               C               C     C
   95    83  4 4.0 4.0 2.60 4.0  3 3.0 3.50 3.20 4.0 3.75   4 0.00 3.00 4.0 2.0 0.0 0.0 3.00 1.5      72.91   70       17.6               C               C     C
   96    72  4 4.0 4.0 3.22 4.0  3 4.0 3.88 3.75 3.5 4.00   4 3.75 3.75 3.5 4.0 3.0 3.5 3.00 1.5      72.81   69       17.4               C               C     C
   93    74  4 4.0 4.0 1.02 0.0  0 4.0 4.00 4.00 4.0 4.00   4 3.75 3.00 4.0 0.0 4.0 4.0 4.00 4.0      72.54   68       17.1               C               C     C
   79    85  4 4.0 4.0 3.40 4.0  4 4.0 3.75 4.00 4.0 3.50   4 4.00 3.50 4.0 4.0 2.5 4.0 4.00 4.0      72.53   67       16.9               C               C     C
  103    63  4 4.0 4.0 4.00 4.0  4 4.0 4.00 4.00 4.0 4.00   4 4.00 3.00 3.5 4.0 3.0 3.0 3.00 4.0      72.45   66       16.6               C               C     C
   82    84  4 4.0 4.0 3.70 4.0  4 4.0 4.00 4.00 2.5 1.00   4 3.75 3.75 4.0 1.0 3.0 3.0 0.00 4.0      72.36   65       16.4               C               C     C
   94    70  4 4.0 4.0 3.46 4.0  4 4.0 4.00 4.00 4.0 4.00   3 4.00 3.50 4.0 3.5 3.0 4.0 4.00 4.0      72.29   64       16.1               C               C     C
   91    72  4 4.0 4.0 4.00 4.0  4 4.0 2.75 4.00 4.0 4.00   4 4.00 4.00 4.0 4.0 4.0 2.0 3.50 4.0      72.29   64       16.1               C               C     C
   94    68  4 4.0 4.0 3.58 4.0  4 4.0 4.00 4.00 4.0 2.29   4 4.00 3.25 4.0 3.5 4.0 4.0 4.00 4.0      71.97   61       15.3               C               C     C
   91    73  4 4.0 4.0 4.00 4.0  4 4.0 2.38 4.00 4.0 4.00   4 3.50 3.50 4.0 4.0 3.0 2.5 3.50 3.5      71.97   61       15.3               C               C     C
   81    81  4 4.0 4.0 2.60 4.0  4 4.0 4.00 4.00 4.0 4.00   4 4.00 2.00 4.0 4.0 4.0 4.0 4.00 4.0      71.97   61       15.3               C               C     C
   91    87  4 4.0 3.1 1.92 0.0  4 4.0 0.00 3.20 2.0 1.25   4 2.50 1.50 4.0 0.0 3.5 2.5 2.50 1.0      71.96   59       14.8               C               C     C
   96    67  4 4.0 4.0 2.60 4.0  4 4.0 4.00 4.00 3.5 4.00   4 3.75 3.00 4.0 4.0 4.0 2.7 2.80 3.5      71.74   58       14.6               C               C     C
   98    66  4 4.0 4.0 3.76 4.0  4 4.0 4.00 4.00 4.0 0.00   4 2.50 3.25 2.5 0.0 4.0 3.0 3.50 4.0      71.42   56       14.1               C               C     C
   89    73  4 4.0 4.0 4.00 4.0  4 4.0 4.00 4.00 4.0 4.00   4 3.25 4.00 3.0 4.0 3.5 4.0 2.50 3.5      71.42   56       14.1               C               C     C
   85    77  4 4.0 4.0 4.00 4.0  3 4.0 4.00 1.70 4.0 2.00   4 3.50 4.00 4.0 4.0 4.0 3.0 2.50 3.5      71.34   55       13.8               C               C     C
   99    78  4 4.0 3.4 0.12 4.0  3 0.0 0.50 1.45 3.5 3.00   4 4.00 0.00 4.0 2.5 0.0 2.0 2.50 0.5      71.13   54       13.6               C               C     C
   91    78  4 4.0 4.0 3.46 1.2  3 4.0 1.88 0.00 3.5 2.00   4 4.00 0.00 4.0 4.0 3.5 2.5 1.50 2.5      71.13   54       13.6               C               C     C
   90    75  4 4.0 3.4 3.40 4.0  4 4.0 4.00 4.00 4.0 3.88   4 0.00 2.75 3.5 4.0 1.5 1.5 2.50 3.0      70.74   52       13.0               C               C     C
   72    86  4 4.0 4.0 4.00 4.0  4 4.0 4.00 4.00 4.0 4.00   4 4.00 2.75 4.0 4.0 4.0 4.0 3.50 4.0      70.70   51       12.8               C               C     C
   68    89  4 4.0 4.0 4.00 4.0  4 4.0 4.00 4.00 4.0 4.00   4 4.00 4.00 4.0 4.0 4.0 4.0 3.00 4.0      70.38   50       12.5               C               C     C
  101    81  4 4.0 3.7 0.00 3.6  4 3.5 0.00 0.50 4.0 1.50   4 3.75 0.00 0.0 0.0 0.0 0.0 0.00 2.0      70.24   49       12.3               C               C     C
   93    69  4 4.0 4.0 3.20 4.0  4 4.0 4.00 4.00 4.0 4.00   4 0.00 4.00 3.5 0.0 0.0 3.5 3.80 3.5      70.16   48       12.0               C               C     C
   92    68  4 4.0 2.8 3.20 4.0  4 4.0 4.00 2.75 4.0 4.00   4 3.00 3.50 3.5 4.0 3.0 2.0 3.00 2.0      69.81   47       11.8               D               C     C
   85    84  4 4.0 4.0 0.30 0.0  4 4.0 1.38 0.00 4.0 2.38   4 3.25 0.00 0.0 4.0 4.0 3.5 3.00 0.0      69.68   46       11.5               D               C     C
   97    58  4 4.0 4.0 3.40 4.0  4 4.0 4.00 4.00 4.0 4.00   4 3.50 4.00 4.0 4.0 4.0 3.5 0.50 4.0      69.59   45       11.3               D               C     C
   93    67  4 4.0 3.7 3.70 2.4  3 4.0 3.75 1.70 3.5 3.25   0 4.00 3.25 4.0 4.0 3.5 2.5 1.00 4.0      69.47   44       11.0               D               C     C
   68    90  4 4.0 4.0 2.90 4.0  4 4.0 4.00 4.00 4.0 4.00   4 2.50 1.50 4.0 4.0 3.5 3.5 2.50 0.0      69.43   43       10.7               D               C     C
   96    74  4 3.5 2.8 2.78 2.2  3 3.0 2.75 3.35 2.5 2.88   4 2.00 2.75 2.0 2.5 3.5 2.0 3.00 1.5      69.36   42       10.5               D               C     C
   86    69  4 4.0 4.0 4.00 4.0  4 4.0 4.00 2.25 4.0 2.00   4 4.00 3.50 4.0 4.0 3.5 2.5 3.50 0.0      69.27   41       10.2               D               C     C
   86    72  4 4.0 3.4 4.00 4.0  4 4.0 4.00 0.00 4.0 0.75   4 4.00 4.00 0.0 0.0 4.0 1.5 1.50 3.5      68.76   40       10.0               D               C     C
   81    71  4 4.0 4.0 4.00 4.0  4 4.0 4.00 4.00 4.0 4.00   4 3.50 2.50 3.5 4.0 4.0 3.9 3.00 4.0      68.44   39        9.7               D               D     D
   72    81  4 4.0 4.0 4.00 4.0  4 4.0 3.25 4.00 3.5 4.00   4 4.00 4.00 4.0 4.0 0.0 2.5 3.00 0.0      68.31   38        9.5               D               D     D
  104    73  4 4.0 3.2 3.82 4.0  0 0.0 0.00 0.00 2.5 0.00   4 3.75 0.00 3.5 4.0 0.0 0.0 0.00 0.0      68.08   37        9.2               D               D     D
   98    58  4 4.0 4.0 3.22 2.8  4 4.0 4.00 1.30 4.0 4.00   4 3.50 3.25 0.0 0.0 3.5 3.5 1.70 2.5      67.89   36        9.0               D               D     D
   81    68  4 4.0 4.0 4.00 4.0  4 4.0 4.00 4.00 4.0 4.00   4 3.75 4.00 4.0 4.0 3.5 4.0 4.00 4.0      67.83   35        8.7               D               D     D
   54    97  4 4.0 4.0 1.80 4.0  2 4.0 4.00 4.00 4.0 4.00   4 3.50 0.00 4.0 4.0 1.0 2.3 3.70 4.0      67.68   34        8.4               D               D     D
   85    76  4 4.0 4.0 3.58 0.0  0 4.0 3.38 0.00 0.0 0.00   4 3.50 4.00 4.0 4.0 4.0 4.0 1.50 4.0      67.50   33        8.2               D               D     D
   98    52  4 4.0 4.0 2.66 3.6  4 4.0 3.75 4.00 4.0 3.25   4 4.00 0.00 0.0 4.0 4.0 3.0 3.00 4.0      67.31   32        7.9               D               D     D
   82    65  4 4.0 4.0 4.00 4.0  4 4.0 4.00 4.00 4.0 4.00   4 3.50 4.00 4.0 4.0 4.0 3.5 4.00 3.0      67.04   31        7.7               D               D     D
   70    78  4 4.0 4.0 3.38 4.0  4 4.0 3.50 4.00 4.0 0.00   4 3.75 4.00 4.0 4.0 2.5 3.0 2.00 4.0      66.96   30        7.4               D               D     D
   79    69  4 4.0 1.1 3.38 4.0  3 4.0 4.00 3.75 4.0 3.00   4 4.00 4.00 3.5 3.5 3.5 4.0 3.00 3.0      66.44   29        7.2               D               D     D
   62    84  4 4.0 4.0 4.00 0.0  1 4.0 4.00 4.00 4.0 4.00   4 4.00 4.00 0.0 0.0 4.0 3.5 3.00 4.0      66.40   28        6.9               D               D     D
   70    71  4 4.0 4.0 3.80 2.4  1 4.0 3.25 4.00 3.0 1.00   4 4.00 3.75 0.0 4.0 4.0 4.0 3.00 4.0      64.08   27        6.6               D               D     D
   95    82  4 4.0 4.0 3.28 0.0  0 0.0 0.00 0.00 0.0 0.00   4 4.00 0.00 0.0 0.0 0.0 0.0 0.00 0.0      63.78   26        6.4               D               D     D
   94    50  4 4.0 4.0 2.18 4.0  3 3.5 1.88 1.70 3.0 0.00   4 3.75 3.75 3.0 4.0 4.0 4.0 2.00 0.0      63.71   25        6.1               D               D     D
   61    76  4 4.0 4.0 4.00 4.0  4 4.0 4.00 1.80 4.0 4.00   4 3.50 3.50 4.0 0.0 4.0 3.5 1.50 4.0      63.54   24        5.9               D               D     D
   78    68  4 4.0 4.0 4.00 4.0  4 4.0 2.75 1.30 1.0 0.00   4 4.00 3.50 0.0 4.0 3.5 2.2 0.00 0.0      63.46   23        5.6               D               D     D
   86    51  4 4.0 4.0 3.52 4.0  3 4.0 4.00 0.50 4.0 1.25   4 4.00 4.00 4.0 3.5 4.0 3.5 2.00 4.0      63.38   22        5.4               D               D     D
   89    60  4 4.0 4.0 3.58 4.0  0 4.0 4.00 4.00 3.0 3.25   4 4.00 0.00 0.0 0.0 0.0 3.5 2.90 0.0      63.13   21        5.1               D               D     D
   86    77  4 4.0 4.0 2.60 4.0  0 0.0 1.50 1.05 0.0 0.00   4 4.00 0.00 3.5 0.0 2.5 0.0 0.00 0.0      63.11   20        4.9               D               F     D
   69    64  4 4.0 4.0 3.58 4.0  4 4.0 4.00 4.00 4.0 2.75   4 3.50 4.00 4.0 4.0 4.0 2.0 2.50 4.0      62.58   19        4.6               D               F     D
   73    74  4 4.0 4.0 2.78 4.0  4 3.0 2.75 1.05 0.0 0.00   4 4.00 3.50 2.0 4.0 0.0 0.0 0.00 0.0      61.81   18        4.3               D               F     D
  103    56  4 4.0 2.5 2.36 0.0  0 1.5 0.00 1.30 2.0 0.00   4 3.75 1.75 0.0 4.0 0.5 1.0 1.50 0.0      61.52   17        4.1               D               F     D
   55    74  4 4.0 4.0 4.00 4.0  4 4.0 4.00 4.00 4.0 4.00   4 4.00 3.00 4.0 4.0 3.5 3.5 3.00 3.5      60.99   16        3.8               D               F     D
   95    77  4 4.0 3.4 0.00 4.0  0 0.0 0.00 0.00 0.0 0.00   4 0.00 0.00 0.0 0.0 0.0 0.0 0.00 0.0      60.96   15        3.6               D               F     D
   85    50  4 4.0 4.0 4.00 4.0  4 4.0 4.00 0.25 2.5 3.88   4 4.00 2.00 0.0 3.0 1.5 3.0 2.00 0.0      60.63   14        3.3               D               F     D
   93    74  4 4.0 2.5 1.38 4.0  3 0.0 0.00 0.00 0.0 0.00   4 0.00 0.00 0.0 0.0 0.0 0.0 0.00 0.0      60.47   13        3.1               D               F     D
   70    55  4 4.0 4.0 3.40 4.0  4 4.0 3.75 4.00 4.0 4.00   4 3.50 3.00 4.0 4.0 3.5 2.1 3.80 4.0      59.81   12        2.8               F               F     F
  120     0  4 4.0 3.2 3.58 4.0  4 4.0 4.00 4.00 4.0 0.00   4 4.00 4.00 4.0 4.0 4.0 4.0 0.00 0.0      58.46   11        2.6               F               F     F
  117     0  4 4.0 4.0 3.58 4.0  4 4.0 3.00 4.00 4.0 2.50   4 3.25 4.00 3.5 4.0 4.0 0.0 3.50 4.0      57.19   10        2.3               F               F     F
   76    53  4 4.0 4.0 0.78 1.2  3 3.5 4.00 2.10 2.0 2.08   4 3.50 0.00 0.0 0.0 3.5 3.0 0.00 3.0      55.63    9        2.0               F               F     F
   73    38  4 4.0 4.0 4.00 0.0  3 3.5 4.00 1.30 4.0 1.75   4 3.50 0.00 4.0 0.0 4.0 0.0 1.50 3.5      52.15    8        1.8               F               F     F
   68    53  4 0.0 3.1 3.36 2.8  0 3.0 4.00 1.70 3.0 2.46   4 2.00 0.00 0.0 2.0 0.0 0.0 2.50 2.0      51.25    7        1.5               F               F     F
   84    56  4 4.0 4.0 0.00 0.0  0 0.0 0.00 0.00 0.0 0.00   4 0.00 0.00 0.0 0.0 0.0 0.0 0.00 0.0      49.68    6        1.3               F               F     F
   94     0  4 4.0 4.0 3.64 2.4  4 4.0 4.00 4.00 3.0 0.00   4 0.00 4.00 4.0 3.5 4.0 3.0 2.50 3.0      49.09    5        1.0               F               F     F
    0    84  4 4.0 3.7 4.00 0.0  0 4.0 4.00 1.70 4.0 4.00   4 4.00 3.75 2.0 0.0 4.0 4.0 4.00 3.0      45.91    4        0.8               F               F     F
    0    82  4 4.0 4.0 4.00 4.0  4 4.0 4.00 4.00 0.0 0.00   4 0.00 0.00 3.5 3.5 3.5 4.0 0.00 4.0      44.75    3        0.5               F               F     F
   84     0  4 4.0 1.0 2.12 3.2  0 0.5 1.38 0.00 0.0 0.00   4 4.00 2.00 3.5 0.0 0.0 0.0 0.00 0.0      36.21    2        0.3               F               F     F
    0     0  0 1.0 0.0 0.30 0.0  0 0.0 4.00 0.50 0.0 0.00   4 0.00 0.00 0.0 0.0 0.0 4.0 0.00 0.0       4.39    1        0.0               F               F     F
